27
41
28
10
26
8
47
22
13
36
11
10
45
30
41
45
12
27
47
27
12
12
43
31
31
11
0
10
16
20
27
13
34
36
26
49
24
44
17
4
26
15
16
49
12
47
23
21
9
20
7
25
34
2
42
37
35
49
42
42
38
33
40
20
47
38
41
3
5
48
5
18
40
33
10
0
13
4
16
17
9
16
28
23
18
15
14
33
15
28
19
19
23
29
11
33
37
9
33
5
43
22
48
37
40
43
14
38
43
31
42
11
21
40
44
41
5
18
23
28
2
41
44
1
45
22
32
3
17
5
39
20
28
46
39
32
22
46
24
24
17
44
39
15
45
49
49
22
27
6
25
20
19
49
14
38
18
2
18
37
4
38
22
14
28
44
21
5
6
31
17
3
8
26
33
40
16
13
24
2
33
4
38
2
45
3
35
25
41
5
13
27
29
15
6
10
47
46
17
43
7
18
5
48
49
15
43
21
1
49
24
23
21
31
26
48
37
43
44
17
1
38
40
23
18
40
38
48
26
31
26
30
11
14
40
27
38
38
19
27
13
44
0
39
32
26
31
7
44
41
47
9
18
36
14
47
42
29
34
35
45
33
39
31
24
13
40
8
45
37
30
17
7
39
48
22
0
37
45
49
14
32
38
7
38
28
37
11
1
30
44
8
21
37
29
40
41
34
44
9
15
49
38
0
31
21
28
38
37
14
35
2
21
24
24
6
32
7
9
46
48
49
14
8
37
19
41
29
13
37
27
8
49
46
7
20
14
44
11
7
45
11
45
14
8
15
34
26
38
22
10
26
43
39
37
17
37
28
48
20
2
21
15
4
48
17
36
28
17
32
13
2
16
48
19
7
43
32
47
29
40
41
39
33
15
9
21
27
2
2
23
24
2
28
14
25
24
43
33
32
38
13
9
26
38
15
1
19
32
24
36
26
4
11
31
13
47
24
8
20
4
9
43
36
18
29
16
20
13
38
14
38
29
16
21
8
42
8
27
29
9
38
6
30
24
1
46
39
31
12
49
21
48
42
40
25
26
45
9
42
20
10
38
15
21
9
46
11
1
8
14
16
18
39
9
13
28
34
40
1
11
20
14
31
7
35
31
27
44
48
49
47
3
8
5
26
46
8
8
43
20
7
41
29
36
41
15
19
48
41
21
6
22
16
10
8
8
16
31
46
17
10
22
34
22
27
28
30
26
2
34
37
45
31
26
20
41
17
22
44
30
8
19
18
29
42
44
30
28
36
17
24
1
32
45
42
48
45
20
25
23
29
32
1
21
32
44
13
13
34
47
35
6
26
18
12
0
7
12
4
15
37
19
19
34
7
43
16
0
27
15
23
13
33
13
39
37
45
44
9
43
11
39
42
47
49
6
40
18
5
36
47
41
20
36
24
42
16
0
43
37
43
3
1
10
5
0
44
10
44
29
3
30
35
47
45
4
27
35
18
41
46
7
4
4
3
5
0
7
23
17
39
19
48
44
27
20
44
40
46
23
47
44
26
39
38
48
11
2
15
14
28
41
45
34
17
9
1
13
36
30
21
3
24
4
28
28
9
22
39
41
34
25
16
22
12
3
10
14
21
42
19
42
24
33
3
30
28
40
6
10
14
45
33
25
23
33
33
7
35
32
13
45
12
41
21
4
12
1
43
10
27
38
36
47
4
10
37
10
5
20
17
4
36
32
11
17
4
49
10
23
8
16
49
22
49
44
49
46
13
48
7
28
33
31
35
13
17
36
18
29
41
34
27
28
37
29
4
0
49
9
14
30
31
47
10
39
14
34
47
31
38
21
7
26
35
3
19
36
4
36
16
29
4
15
4
26
3
0
45
10
0
15
15
45
32
44
8
41
45
36
21
47
30
48
45
9
24
47
38
48
44
27
11
21
15
16
1
9
32
42
12
45
41
48
25
13
30
34
18
32
5
1
43
45
42
12
40
3
16
14
7
47
6
36
0
0
44
44
32
2
37
48
30
23
21
12
16
6
24
43
35
39
20
47
38
39
22
26
33
33
14
44
4
12
4
38
7
14
34
10
44
1
39
22
1
41
33
3
23
21
4
27
32
44
22
31
17
7
28
0
44
16
34
45
18
44
42
32
45
29
44
9
27
20
11
40
47
15
22
37
45
31
26
5
12
6
40
12
15
19
42
16
7
6
6
41
13
26
32
35
38
3
9
32
23
21
22
45
5
12
2
48
27
26
48
36
47
31
42
14
2
40
16
27
39
14
14
29
44
44
17
23
36
13
0
46
14
37
23